Random Forest 
Classification report:

| Class / Metric   | Precision | Recall | F1-Score | Support |
|------------------|-----------|--------|----------|---------|
| 0                | 1.00      | 1.00   | 1.00     | 537     |
| 1                | 0.79      | 0.67   | 0.73     | 491     |
| 2                | 0.73      | 0.83   | 0.78     | 532     |
| 3                | 0.84      | 0.94   | 0.89     | 496     |
| 4                | 0.93      | 0.82   | 0.87     | 420     |
| 5                | 0.89      | 0.87   | 0.88     | 471     |
| Accuracy         | —         | —      | 0.86     | 2947    |
| Macro Avg        | 0.86      | 0.86   | 0.86     | 2947    |
| Weighted Avg     | 0.86      | 0.86   | 0.86     | 2947    |


Confusion Matrix


| Actual \ Predicted | 0   | 1   | 2   | 3   | 4   | 5   |
|--------------------|-----|-----|-----|-----|-----|-----|
| 0                  | 537 | 0   | 0   | 0   | 0   | 0   |
| 1                  | 0   | 353 | 138 | 0   | 0   | 0   |
| 2                  | 0   | 110 | 422 | 0   | 0   | 0   |
| 3                  | 0   | 0   | 0   | 465 | 18  | 13  |
| 4                  | 0   | 0   | 0   | 48  | 340 | 32  |
| 5                  | 0   | 0   | 0   | 126 | 9   | 336 |
